# Pixel	Position
1.00	1116.00
2.00	1117.00
3.00	1118.00
4.00	1119.00
5.00	1120.00
6.00	1121.00
7.00	1176.00
8.00	1177.00
9.00	1178.00
10.00	1179.00
11.00	1180.00
12.00	1181.00
13.00	1182.00
14.00	1183.00
15.00	1184.00
16.00	1185.00
17.00	1186.00
18.00	1187.00
19.00	1188.00
20.00	1189.00
21.00	1190.00
22.00	1191.00
23.00	1192.00
24.00	1237.00
25.00	1238.00
26.00	1239.00
27.00	1240.00
28.00	1241.00
29.00	1242.00
30.00	1243.00
31.00	1244.00
32.00	1245.00
33.00	1246.00
34.00	1247.00
35.00	1248.00
36.00	1249.00
37.00	1250.00
38.00	1251.00
39.00	1252.00
40.00	1253.00
41.00	1254.00
42.00	1255.00
43.00	1256.00
44.00	1257.00
45.00	1258.00
46.00	1259.00
47.00	1260.00
48.00	1261.00
49.00	1262.00
50.00	1263.00
51.00	1297.00
52.00	1298.00
53.00	1299.00
54.00	1300.00
55.00	1301.00
56.00	1302.00
57.00	1303.00
58.00	1304.00
59.00	1305.00
60.00	1306.00
61.00	1307.00
62.00	1308.00
63.00	1309.00
64.00	1310.00
65.00	1311.00
66.00	1312.00
67.00	1313.00
68.00	1314.00
69.00	1315.00
70.00	1316.00
71.00	1317.00
72.00	1318.00
73.00	1319.00
74.00	1320.00
75.00	1321.00
76.00	1322.00
77.00	1323.00
78.00	1324.00
79.00	1325.00
80.00	1326.00
81.00	1327.00
82.00	1358.00
83.00	1359.00
84.00	1360.00
85.00	1361.00
86.00	1362.00
87.00	1363.00
88.00	1364.00
89.00	1365.00
90.00	1366.00
91.00	1367.00
92.00	1368.00
93.00	1369.00
94.00	1370.00
95.00	1371.00
96.00	1372.00
97.00	1373.00
98.00	1374.00
99.00	1375.00
100.00	1376.00
101.00	1377.00
102.00	1378.00
103.00	1379.00
104.00	1380.00
105.00	1381.00
106.00	1382.00
107.00	1383.00
108.00	1384.00
109.00	1385.00
110.00	1386.00
111.00	1387.00
112.00	1388.00
113.00	1389.00
114.00	1390.00
115.00	1391.00
116.00	1419.00
117.00	1420.00
118.00	1421.00
119.00	1422.00
120.00	1423.00
121.00	1424.00
122.00	1425.00
123.00	1426.00
124.00	1427.00
125.00	1428.00
126.00	1429.00
127.00	1430.00
128.00	1431.00
129.00	1432.00
130.00	1433.00
131.00	1434.00
132.00	1435.00
133.00	1436.00
134.00	1437.00
135.00	1438.00
136.00	1439.00
137.00	1440.00
138.00	1441.00
139.00	1442.00
140.00	1443.00
141.00	1444.00
142.00	1445.00
143.00	1446.00
144.00	1447.00
145.00	1448.00
146.00	1449.00
147.00	1450.00
148.00	1451.00
149.00	1452.00
150.00	1479.00
151.00	1480.00
152.00	1481.00
153.00	1482.00
154.00	1483.00
155.00	1484.00
156.00	1485.00
157.00	1486.00
158.00	1487.00
159.00	1488.00
160.00	1489.00
161.00	1490.00
162.00	1491.00
163.00	1492.00
164.00	1493.00
165.00	1494.00
166.00	1495.00
167.00	1496.00
168.00	1497.00
169.00	1498.00
170.00	1499.00
171.00	1500.00
172.00	1501.00
173.00	1502.00
174.00	1503.00
175.00	1504.00
176.00	1505.00
177.00	1506.00
178.00	1507.00
179.00	1508.00
180.00	1509.00
181.00	1510.00
182.00	1511.00
183.00	1512.00
184.00	1513.00
185.00	1540.00
186.00	1541.00
187.00	1542.00
188.00	1543.00
189.00	1544.00
190.00	1545.00
191.00	1546.00
192.00	1547.00
193.00	1548.00
194.00	1549.00
195.00	1550.00
196.00	1551.00
197.00	1552.00
198.00	1553.00
199.00	1554.00
200.00	1555.00
201.00	1556.00
202.00	1557.00
203.00	1558.00
204.00	1559.00
205.00	1560.00
206.00	1561.00
207.00	1562.00
208.00	1563.00
209.00	1564.00
210.00	1565.00
211.00	1566.00
212.00	1567.00
213.00	1568.00
214.00	1569.00
215.00	1570.00
216.00	1571.00
217.00	1572.00
218.00	1573.00
219.00	1574.00
220.00	1600.00
221.00	1601.00
222.00	1602.00
223.00	1603.00
224.00	1604.00
225.00	1605.00
226.00	1606.00
227.00	1607.00
228.00	1608.00
229.00	1609.00
230.00	1610.00
231.00	1611.00
232.00	1612.00
233.00	1613.00
234.00	1614.00
235.00	1615.00
236.00	1616.00
237.00	1617.00
238.00	1618.00
239.00	1619.00
240.00	1620.00
241.00	1621.00
242.00	1622.00
243.00	1623.00
244.00	1624.00
245.00	1625.00
246.00	1626.00
247.00	1627.00
248.00	1628.00
249.00	1629.00
250.00	1630.00
251.00	1631.00
252.00	1632.00
253.00	1633.00
254.00	1634.00
255.00	1661.00
256.00	1662.00
257.00	1663.00
258.00	1664.00
259.00	1665.00
260.00	1666.00
261.00	1667.00
262.00	1668.00
263.00	1669.00
264.00	1670.00
265.00	1671.00
266.00	1672.00
267.00	1673.00
268.00	1674.00
269.00	1675.00
270.00	1676.00
271.00	1677.00
272.00	1678.00
273.00	1679.00
274.00	1680.00
275.00	1681.00
276.00	1682.00
277.00	1683.00
278.00	1684.00
279.00	1685.00
280.00	1686.00
281.00	1687.00
282.00	1688.00
283.00	1689.00
284.00	1690.00
285.00	1691.00
286.00	1692.00
287.00	1693.00
288.00	1694.00
289.00	1695.00
290.00	1722.00
291.00	1723.00
292.00	1724.00
293.00	1725.00
294.00	1726.00
295.00	1727.00
296.00	1728.00
297.00	1729.00
298.00	1730.00
299.00	1731.00
300.00	1732.00
301.00	1733.00
302.00	1734.00
303.00	1735.00
304.00	1736.00
305.00	1737.00
306.00	1738.00
307.00	1739.00
308.00	1740.00
309.00	1741.00
310.00	1742.00
311.00	1743.00
312.00	1744.00
313.00	1745.00
314.00	1746.00
315.00	1747.00
316.00	1748.00
317.00	1749.00
318.00	1750.00
319.00	1751.00
320.00	1752.00
321.00	1753.00
322.00	1754.00
323.00	1755.00
324.00	1782.00
325.00	1783.00
326.00	1784.00
327.00	1785.00
328.00	1786.00
329.00	1787.00
330.00	1788.00
331.00	1789.00
332.00	1790.00
333.00	1791.00
334.00	1792.00
335.00	1793.00
336.00	1794.00
337.00	1795.00
338.00	1796.00
339.00	1797.00
340.00	1798.00
341.00	1799.00
342.00	1800.00
343.00	1801.00
344.00	1802.00
345.00	1803.00
346.00	1804.00
347.00	1805.00
348.00	1806.00
349.00	1807.00
350.00	1808.00
351.00	1809.00
352.00	1810.00
353.00	1811.00
354.00	1812.00
355.00	1813.00
356.00	1814.00
357.00	1815.00
358.00	1843.00
359.00	1844.00
360.00	1845.00
361.00	1846.00
362.00	1847.00
363.00	1848.00
364.00	1849.00
365.00	1850.00
366.00	1851.00
367.00	1852.00
368.00	1853.00
369.00	1854.00
370.00	1855.00
371.00	1856.00
372.00	1857.00
373.00	1858.00
374.00	1859.00
375.00	1860.00
376.00	1861.00
377.00	1862.00
378.00	1863.00
379.00	1864.00
380.00	1865.00
381.00	1866.00
382.00	1867.00
383.00	1868.00
384.00	1869.00
385.00	1870.00
386.00	1871.00
387.00	1872.00
388.00	1873.00
389.00	1874.00
390.00	1875.00
391.00	1876.00
392.00	1904.00
393.00	1905.00
394.00	1906.00
395.00	1907.00
396.00	1908.00
397.00	1909.00
398.00	1910.00
399.00	1911.00
400.00	1912.00
401.00	1913.00
402.00	1914.00
403.00	1915.00
404.00	1916.00
405.00	1917.00
406.00	1918.00
407.00	1919.00
408.00	1920.00
409.00	1921.00
410.00	1922.00
411.00	1923.00
412.00	1924.00
413.00	1925.00
414.00	1926.00
415.00	1927.00
416.00	1928.00
417.00	1929.00
418.00	1930.00
419.00	1931.00
420.00	1932.00
421.00	1933.00
422.00	1934.00
423.00	1935.00
424.00	1936.00
425.00	1937.00
426.00	1964.00
427.00	1965.00
428.00	1966.00
429.00	1967.00
430.00	1968.00
431.00	1969.00
432.00	1970.00
433.00	1971.00
434.00	1972.00
435.00	1973.00
436.00	1974.00
437.00	1975.00
438.00	1976.00
439.00	1977.00
440.00	1978.00
441.00	1979.00
442.00	1980.00
443.00	1981.00
444.00	1982.00
445.00	1983.00
446.00	1984.00
447.00	1985.00
448.00	1986.00
449.00	1987.00
450.00	1988.00
451.00	1989.00
452.00	1990.00
453.00	1991.00
454.00	1992.00
455.00	1993.00
456.00	1994.00
457.00	1995.00
458.00	1996.00
459.00	1997.00
460.00	2025.00
461.00	2026.00
462.00	2027.00
463.00	2028.00
464.00	2029.00
465.00	2030.00
466.00	2031.00
467.00	2032.00
468.00	2033.00
469.00	2034.00
470.00	2035.00
471.00	2036.00
472.00	2037.00
473.00	2038.00
474.00	2039.00
475.00	2040.00
476.00	2041.00
477.00	2042.00
478.00	2043.00
479.00	2044.00
480.00	2045.00
481.00	2046.00
482.00	2047.00
483.00	2048.00
484.00	2049.00
485.00	2050.00
486.00	2051.00
487.00	2052.00
488.00	2053.00
489.00	2054.00
490.00	2055.00
491.00	2056.00
492.00	2057.00
493.00	2058.00
494.00	2086.00
495.00	2087.00
496.00	2088.00
497.00	2089.00
498.00	2090.00
499.00	2091.00
500.00	2092.00
501.00	2093.00
502.00	2094.00
503.00	2095.00
504.00	2096.00
505.00	2097.00
506.00	2098.00
507.00	2099.00
508.00	2100.00
509.00	2101.00
510.00	2102.00
511.00	2103.00
512.00	2104.00
513.00	2105.00
514.00	2106.00
515.00	2107.00
516.00	2108.00
517.00	2109.00
518.00	2110.00
519.00	2111.00
520.00	2112.00
521.00	2113.00
522.00	2114.00
523.00	2115.00
524.00	2116.00
525.00	2117.00
526.00	2118.00
527.00	2146.00
528.00	2147.00
529.00	2148.00
530.00	2149.00
531.00	2150.00
532.00	2151.00
533.00	2152.00
534.00	2153.00
535.00	2154.00
536.00	2155.00
537.00	2156.00
538.00	2157.00
539.00	2158.00
540.00	2159.00
541.00	2160.00
542.00	2161.00
543.00	2162.00
544.00	2163.00
545.00	2164.00
546.00	2165.00
547.00	2166.00
548.00	2167.00
549.00	2168.00
550.00	2169.00
551.00	2170.00
552.00	2171.00
553.00	2172.00
554.00	2173.00
555.00	2174.00
556.00	2175.00
557.00	2176.00
558.00	2177.00
559.00	2178.00
560.00	2179.00
561.00	2207.00
562.00	2208.00
563.00	2209.00
564.00	2210.00
565.00	2211.00
566.00	2212.00
567.00	2213.00
568.00	2214.00
569.00	2215.00
570.00	2216.00
571.00	2217.00
572.00	2218.00
573.00	2219.00
574.00	2220.00
575.00	2221.00
576.00	2222.00
577.00	2223.00
578.00	2224.00
579.00	2225.00
580.00	2226.00
581.00	2227.00
582.00	2228.00
583.00	2229.00
584.00	2230.00
585.00	2231.00
586.00	2232.00
587.00	2233.00
588.00	2234.00
589.00	2235.00
590.00	2236.00
591.00	2237.00
592.00	2238.00
593.00	2239.00
594.00	2268.00
595.00	2269.00
596.00	2270.00
597.00	2271.00
598.00	2272.00
599.00	2273.00
600.00	2274.00
601.00	2275.00
602.00	2276.00
603.00	2277.00
604.00	2278.00
605.00	2279.00
606.00	2280.00
607.00	2281.00
608.00	2282.00
609.00	2283.00
610.00	2284.00
611.00	2285.00
612.00	2286.00
613.00	2287.00
614.00	2288.00
615.00	2289.00
616.00	2290.00
617.00	2291.00
618.00	2292.00
619.00	2293.00
620.00	2294.00
621.00	2295.00
622.00	2296.00
623.00	2297.00
624.00	2298.00
625.00	2299.00
626.00	2300.00
627.00	2328.00
628.00	2329.00
629.00	2330.00
630.00	2331.00
631.00	2332.00
632.00	2333.00
633.00	2334.00
634.00	2335.00
635.00	2336.00
636.00	2337.00
637.00	2338.00
638.00	2339.00
639.00	2340.00
640.00	2341.00
641.00	2342.00
642.00	2343.00
643.00	2344.00
644.00	2345.00
645.00	2346.00
646.00	2347.00
647.00	2348.00
648.00	2349.00
649.00	2350.00
650.00	2351.00
651.00	2352.00
652.00	2353.00
653.00	2354.00
654.00	2355.00
655.00	2356.00
656.00	2357.00
657.00	2358.00
658.00	2359.00
659.00	2360.00
660.00	2389.00
661.00	2390.00
662.00	2391.00
663.00	2392.00
664.00	2393.00
665.00	2394.00
666.00	2395.00
667.00	2396.00
668.00	2397.00
669.00	2398.00
670.00	2399.00
671.00	2400.00
672.00	2401.00
673.00	2402.00
674.00	2403.00
675.00	2404.00
676.00	2405.00
677.00	2406.00
678.00	2407.00
679.00	2408.00
680.00	2409.00
681.00	2410.00
682.00	2411.00
683.00	2412.00
684.00	2413.00
685.00	2414.00
686.00	2415.00
687.00	2416.00
688.00	2417.00
689.00	2418.00
690.00	2419.00
691.00	2420.00
692.00	2421.00
693.00	2450.00
694.00	2451.00
695.00	2452.00
696.00	2453.00
697.00	2454.00
698.00	2455.00
699.00	2456.00
700.00	2457.00
701.00	2458.00
702.00	2459.00
703.00	2460.00
704.00	2461.00
705.00	2462.00
706.00	2463.00
707.00	2464.00
708.00	2465.00
709.00	2466.00
710.00	2467.00
711.00	2468.00
712.00	2469.00
713.00	2470.00
714.00	2471.00
715.00	2472.00
716.00	2473.00
717.00	2474.00
718.00	2475.00
719.00	2476.00
720.00	2477.00
721.00	2478.00
722.00	2479.00
723.00	2480.00
724.00	2481.00
725.00	2482.00
726.00	2511.00
727.00	2512.00
728.00	2513.00
729.00	2514.00
730.00	2515.00
731.00	2516.00
732.00	2517.00
733.00	2518.00
734.00	2519.00
735.00	2520.00
736.00	2521.00
737.00	2522.00
738.00	2523.00
739.00	2524.00
740.00	2525.00
741.00	2526.00
742.00	2527.00
743.00	2528.00
744.00	2529.00
745.00	2530.00
746.00	2531.00
747.00	2532.00
748.00	2533.00
749.00	2534.00
750.00	2535.00
751.00	2536.00
752.00	2537.00
753.00	2538.00
754.00	2539.00
755.00	2540.00
756.00	2541.00
757.00	2542.00
758.00	2572.00
759.00	2573.00
760.00	2574.00
761.00	2575.00
762.00	2576.00
763.00	2577.00
764.00	2578.00
765.00	2579.00
766.00	2580.00
767.00	2581.00
768.00	2582.00
769.00	2583.00
770.00	2584.00
771.00	2585.00
772.00	2586.00
773.00	2587.00
774.00	2588.00
775.00	2589.00
776.00	2590.00
777.00	2591.00
778.00	2592.00
779.00	2593.00
780.00	2594.00
781.00	2595.00
782.00	2596.00
783.00	2597.00
784.00	2598.00
785.00	2599.00
786.00	2600.00
787.00	2601.00
788.00	2602.00
789.00	2603.00
790.00	2633.00
791.00	2634.00
792.00	2635.00
793.00	2636.00
794.00	2637.00
795.00	2638.00
796.00	2639.00
797.00	2640.00
798.00	2641.00
799.00	2642.00
800.00	2643.00
801.00	2644.00
802.00	2645.00
803.00	2646.00
804.00	2647.00
805.00	2648.00
806.00	2649.00
807.00	2650.00
808.00	2651.00
809.00	2652.00
810.00	2653.00
811.00	2654.00
812.00	2655.00
813.00	2656.00
814.00	2657.00
815.00	2658.00
816.00	2659.00
817.00	2660.00
818.00	2661.00
819.00	2662.00
820.00	2663.00
821.00	2698.00
822.00	2699.00
823.00	2700.00
824.00	2701.00
825.00	2702.00
826.00	2703.00
827.00	2704.00
828.00	2705.00
829.00	2706.00
830.00	2707.00
831.00	2708.00
832.00	2709.00
833.00	2710.00
834.00	2711.00
835.00	2712.00
836.00	2713.00
837.00	2714.00
838.00	2715.00
839.00	2716.00
840.00	2717.00
841.00	2718.00
842.00	2719.00
843.00	2720.00
844.00	2721.00
845.00	2722.00
846.00	2723.00
847.00	2724.00
848.00	2766.00
849.00	2767.00
850.00	2768.00
851.00	2769.00
852.00	2770.00
853.00	2771.00
854.00	2772.00
855.00	2773.00
856.00	2774.00
857.00	2775.00
858.00	2776.00
859.00	2777.00
860.00	2778.00
861.00	2779.00
862.00	2780.00
863.00	2781.00
864.00	2782.00
865.00	2783.00
866.00	2784.00
867.00	2785.00
868.00	2834.00
869.00	2835.00
870.00	2836.00
871.00	2837.00
872.00	2838.00
873.00	2839.00
874.00	2840.00
875.00	2841.00
876.00	2842.00
877.00	2843.00
878.00	2844.00
879.00	2845.00
880.00	2902.00
881.00	2903.00
882.00	2904.00
883.00	2905.00
884.00	2906.00
